21730
21730
21730
79861
79861
79861
243837
329276
434517
529241
636858
718957
803763
887813
988915
1053773
1140172
1203072
1203072
1220862
1222161
1222161
1222161
1223381
1223484
1223703
21730
21733
21733
77685
77685
77685
260808
373014
465058
549570
654969
739335
804135
886549
1005671
1061303
1123429
1185799
1217215
1218393
1218393
1218736
1221921
1221970
1222051
1223391
21734
21734
78012
78012
78012
241076
317524
429675
520821
610668
689525
774479
851409
925460
1022103
1086616
1150145
1188647
1192011
1192567
1192567
1192861
1220455
1220455
1222053
21789
22442
22515
22527
21884
21884
21884
21884
21884
21884
79153
79153
79153
230382
326794
436847
542571
647276
730722
829092
914364
1048202
1110294
1183008
1201951
1202000
1202000
1202000
1202000
1220090
1222736
1223324
1225235
1225235
1225235
1225235
1225627
21902
21902
79542
79542
79542
240993
332397
448680
548079
663802
762041
853906
936463
1043071
1120337
1193063
1194828
1194828
1194828
1194926
1218486
1219125
1220691
1220691
1220985
1221466
1223573
1223575
949702
21903
21903
79016
79016
79016
287139
398794
491043
600651
696438
807939
893063
994051
1080727
1156057
1192777
1192973
1192973
1216949
1218980
1219851
1221958
1221958
1221958
1222196
1222301
1222301
1222350
22547
22548
21904
22552
21655
1632
1632
1632
1632
1632
1632
1632
1632
1632
1632
1632
1632
1632
1632
1632
1632
1632
1632
21473
21569
21569
21569
22213
22239
21582
21582
21582
21640
21640
21672
22346
22321
22323
21672
78928
78928
78928
293609
419296
513210
620392
696931
796696
863650
974301
1064446
1126547
1212841
1212841
1212841
1212841
1220658
1221800
1221898
1222094
1222094
21675
21675
78337
78337
78337
278506
401388
478270
602830
701828
784336
872640
966325
1051121
1136001
1215272
1215321
1216350
1218655
1219143
1219290
1219419
1221446
1221446
21676
21676
78993
78993
78993
274822
394445
478023
577694
702546
774753
854328
942927
1051226
1127980
1199694
1216982
1217882
1217882
1218260
1218666
1218666
1221704
1064120
22381
22373
22480
22481
21838
21838
21838
21838
21838
21838
