---
475506
540251
540264
540265
540272
540273
540274
540276
540277
540279
540898
540899
540900
---
---
475506
540251
540264
540265
540272
540273
540274
540276
540277
540279
540898
540899
540900
---
---
475506
540251
540264
540265
540272
540273
540274
540276
540277
540279
540898
540899
540900
---
---
475506
540251
540264
540265
540272
540273
540274
540276
540277
540279
540898
540899
540900
---
---
475506
540251
540264
540265
540272
540273
540274
540276
540277
540279
540898
540899
540900
---
---
475506
540251
540264
540265
540272
540273
540274
540276
540277
540279
540898
540899
540900
---
---
475506
540251
540264
540265
540272
540273
540274
540276
540277
540279
540898
540899
540900
---
---
475506
540251
540264
540265
540272
540273
540274
540276
540277
540279
540898
540899
540900
---
---
475506
540251
540264
540265
540272
540273
540274
540276
540277
540279
540898
540899
540900
---
---
475506
540251
540264
540265
540272
540273
540274
540276
540277
540279
540898
540899
540900
---
---
475506
540251
540264
540265
540272
540273
540274
540276
540277
540279
540898
540899
540900
---
---
475506
540251
540264
540265
540272
540273
540274
540276
540277
540279
541269
541270
541271
---
---
475506
540251
540264
540265
540272
540273
540274
540276
540277
540279
541269
541270
541271
---
---
475506
540251
540264
540265
540272
540273
540274
540276
540277
540279
---
---
475506
540251
540264
540265
540272
540273
540274
540276
540277
540279
---
---
475506
540251
540264
540265
540272
540273
540274
540276
540277
540279
---
---
475506
540251
540264
540265
540272
540273
540274
540276
540277
540279
541403
---
---
475506
540251
540264
540265
540272
540273
540274
540276
540277
540279
541403
541404
541405
---
---
475506
540251
540264
540265
540272
540273
540274
540276
540277
540279
541403
541404
541405
---
---
475506
540251
540264
540265
540272
540273
540274
540276
540277
540279
541403
541404
541405
---
---
475506
540251
540264
540265
540272
540273
540274
540276
540277
540279
541403
541404
541405
---
---
475506
540251
540264
540265
540272
540273
540274
540276
540277
540279
541403
541404
541405
---
---
475506
540251
540264
540265
540272
540273
540274
540276
540277
540279
541403
541404
541405
---
---
475506
540251
540264
540265
540272
540273
540274
540276
540277
540279
541403
541404
541405
---
---
475506
540251
540264
540265
540272
540273
540274
540276
540277
540279
541403
541404
541405
---
---
475506
540251
540264
540265
540272
540273
540274
540276
540277
540279
541403
541404
541405
---
---
475506
540251
540264
540265
540272
540273
540274
540276
540277
540279
541403
541404
541405
---
---
475506
540251
540264
540265
540272
540273
540274
540276
540277
540279
541403
541404
541405
---
---
475506
540251
540264
540265
540272
540273
540274
540276
540277
540279
541403
541404
541405
---
---
475506
540251
540264
540265
540272
540273
540274
540276
540277
540279
541606
541607
541608
---
---
475506
540251
540264
540265
540272
540273
540274
540276
540277
540279
541606
541607
541608
---
---
475506
540251
540264
540265
540272
540273
540274
540276
540277
540279
---
---
475506
540251
540264
540265
540272
540273
540274
540276
540277
540279
---
---
475506
540251
540264
540265
540272
540273
540274
540276
540277
540279
---
---
475506
540251
540264
540265
540272
540273
540274
540276
540277
540279
541708
541709
541710
---
---
475506
540251
540264
540265
540272
540273
540274
540276
540277
540279
541708
541709
541710
---
---
475506
540251
540264
540265
540272
540273
540274
540276
540277
540279
541708
541709
541710
---
---
475506
540251
540264
540265
540272
540273
540274
540276
540277
540279
541708
541709
541710
---
---
475506
540251
540264
540265
540272
540273
540274
540276
540277
540279
541708
541709
541710
---
---
475506
540251
540264
540265
540272
540273
540274
540276
540277
540279
541708
541709
541710
---
---
475506
540251
540264
540265
540272
540273
540274
540276
540277
540279
541708
541709
541710
---
---
475506
540251
540264
540265
540272
540273
540274
540276
540277
540279
541708
541709
541710
---
---
475506
540251
540264
540265
540272
540273
540274
540276
540277
540279
541708
541709
541710
---
---
475506
540251
540264
540265
540272
540273
540274
540276
540277
540279
541708
541709
541710
---
---
475506
540251
540264
540265
540272
540273
540274
540276
540277
540279
541708
541709
541710
---
---
475506
540251
540264
540265
540272
540273
540274
540276
540277
540279
541708
541709
541710
---
---
475506
540251
540264
540265
540272
540273
540274
540276
540277
540279
541708
541709
541710
---
---
475506
540251
540264
540265
540272
540273
540274
540276
540277
540279
541913
541914
541915
---
---
475506
540251
540264
540265
540272
540273
540274
540276
540277
540279
---
---
475506
540251
540264
540265
540272
540273
540274
540276
540277
540279
---
---
475506
540251
540264
540265
540272
540273
540274
540276
540277
540279
---
---
475506
540251
540264
540265
540272
540273
540274
540276
540277
540279
---
---
475506
540251
540264
540265
540272
540273
540274
540276
540277
540279
542018
542019
542020
---
---
475506
540251
540264
540265
540272
540273
540274
540276
540277
540279
542018
542019
542020
---
---
475506
540251
540264
540265
540272
540273
540274
540276
540277
540279
542018
542019
542020
---
---
475506
540251
540264
540265
540272
540273
540274
540276
540277
540279
542018
542019
542020
---
---
475506
540251
540264
540265
540272
540273
540274
540276
540277
540279
542018
542019
542020
---
---
475506
540251
540264
540265
540272
540273
540274
540276
540277
540279
542018
542019
542020
---
---
475506
540251
540264
540265
540272
540273
540274
540276
540277
540279
542018
542019
542020
---
---
475506
540251
540264
540265
540272
540273
540274
540276
540277
540279
542018
542019
542020
---
---
475506
540251
540264
540265
540272
540273
540274
540276
540277
540279
542018
542019
542020
---
---
475506
540251
540264
540265
540272
540273
540274
540276
540277
540279
542018
542019
542020
---
---
475506
540251
540264
540265
540272
540273
540274
540276
540277
540279
542018
542019
542020
---
---
475506
540251
540264
540265
540272
540273
540274
540276
540277
540279
542018
542019
542020
---
---
475506
540251
540264
540265
540272
540273
540274
540276
540277
540279
542216
542217
542218
---
---
475506
540251
540264
540265
540272
540273
540274
540276
540277
540279
542216
542217
542218
---
---
475506
540251
540264
540265
540272
540273
540274
540276
540277
540279
---
---
475506
540251
540264
540265
540272
540273
540274
540276
540277
540279
---
---
475506
540251
540264
540265
540272
540273
540274
540276
540277
540279
---
---
475506
540251
540264
540265
540272
540273
540274
540276
540277
540279
---
---
475506
540251
540264
540265
540272
540273
540274
540276
540277
540279
542327
542328
542329
---
---
475506
540251
540264
540265
540272
540273
540274
540276
540277
540279
542327
542328
542329
---
---
475506
540251
540264
540265
540272
540273
540274
540276
540277
540279
542327
542328
542329
---
---
475506
540251
540264
540265
540272
540273
540274
540276
540277
540279
542327
542328
542329
---
---
475506
540251
540264
540265
540272
540273
540274
540276
540277
540279
542327
542328
542329
---
---
475506
540251
540264
540265
540272
540273
540274
540276
540277
540279
542327
542328
542329
---
---
475506
540251
540264
540265
540272
540273
540274
540276
540277
540279
542327
542328
542329
---
---
475506
540251
540264
540265
540272
540273
540274
540276
540277
540279
542327
542328
542329
---
---
475506
540251
540264
540265
540272
540273
540274
540276
540277
540279
542327
542328
542329
---
---
475506
540251
540264
540265
540272
540273
540274
540276
540277
540279
542327
542328
542329
---
---
475506
540251
540264
540265
540272
540273
540274
540276
540277
540279
542327
542328
542329
---
---
475506
540251
540264
540265
540272
540273
540274
540276
540277
540279
542327
542328
542329
---
---
475506
540251
540264
540265
540272
540273
540274
540276
540277
540279
542529
542530
542531
---
---
475506
540251
540264
540265
540272
540273
540274
540276
540277
540279
---
---
475506
540251
540264
540265
540272
540273
540274
540276
540277
540279
---
---
475506
540251
540264
540265
540272
540273
540274
540276
540277
540279
---
---
475506
540251
540264
540265
540272
540273
540274
540276
540277
540279
---
---
475506
540251
540264
540265
540272
540273
540274
540276
540277
540279
542634
542635
542636
---
---
475506
540251
540264
540265
540272
540273
540274
540276
540277
540279
542634
542635
542636
---
---
475506
540251
540264
540265
540272
540273
540274
540276
540277
540279
542634
542635
542636
---
---
475506
540251
540264
540265
540272
540273
540274
540276
540277
540279
542634
542635
542636
---
---
475506
540251
540264
540265
540272
540273
540274
540276
540277
540279
542634
542635
542636
---
---
475506
540251
540264
540265
540272
540273
540274
540276
540277
540279
542634
542635
542636
---
---
475506
540251
540264
540265
540272
540273
540274
540276
540277
540279
542634
542635
542636
---
---
475506
540251
540264
540265
540272
540273
540274
540276
540277
540279
542634
542635
542636
---
---
475506
540251
540264
540265
540272
540273
540274
540276
540277
540279
542634
542635
542636
---
---
475506
540251
540264
540265
540272
540273
540274
540276
540277
540279
542634
542635
542636
---
---
475506
540251
540264
540265
540272
540273
540274
540276
540277
540279
542634
542635
542636
---
---
475506
540251
540264
540265
540272
540273
540274
540276
540277
540279
542634
542635
542636
---
---
475506
540251
540264
540265
540272
540273
540274
540276
540277
540279
542634
542635
542636
---
---
475506
540251
540264
540265
540272
540273
540274
540276
540277
540279
542830
542831
542832
---
---
475506
540251
540264
540265
540272
540273
540274
540276
540277
540279
---
---
475506
540251
540264
540265
540272
540273
540274
540276
540277
540279
---
---
475506
540251
540264
540265
540272
540273
540274
540276
540277
540279
---
---
475506
540251
540264
540265
540272
540273
540274
540276
540277
540279
---
---
475506
540251
540264
540265
540272
540273
540274
540276
540277
540279
542941
542942
542943
---
---
475506
540251
540264
540265
540272
540273
540274
540276
540277
540279
542941
542942
542943
---
---
475506
540251
540264
540265
540272
540273
540274
540276
540277
540279
542941
542942
542943
---
---
475506
540251
540264
540265
540272
540273
540274
540276
540277
540279
542941
542942
542943
---
---
475506
540251
540264
540265
540272
540273
540274
540276
540277
540279
542941
542942
542943
---
---
475506
540251
540264
540265
540272
540273
540274
540276
540277
540279
542941
542942
542943
---
---
475506
540251
540264
540265
540272
540273
540274
540276
540277
540279
542941
542942
542943
---
---
475506
540251
540264
540265
540272
540273
540274
540276
540277
540279
542941
542942
542943
---
---
475506
540251
540264
540265
540272
540273
540274
540276
540277
540279
542941
542942
542943
---
---
475506
540251
540264
540265
540272
540273
540274
540276
540277
540279
542941
542942
542943
---
---
475506
540251
540264
540265
540272
540273
540274
540276
540277
540279
542941
542942
542943
---
---
475506
540251
540264
540265
540272
540273
540274
540276
540277
540279
542941
542942
542943
---
---
475506
540251
540264
540265
540272
540273
540274
540276
540277
540279
543121
543122
543124
---
---
475506
540251
540264
540265
540272
540273
540274
540276
540277
540279
---
---
475506
540251
540264
540265
540272
540273
540274
540276
540277
540279
---
---
475506
540251
540264
540265
540272
540273
540274
540276
540277
540279
---
---
475506
540251
540264
540265
540272
540273
540274
540276
540277
540279
---
---
475506
540251
540264
540265
540272
540273
540274
540276
540277
540279
543235
543236
543237
---
---
475506
540251
540264
540265
540272
540273
540274
540276
540277
540279
543235
543236
543237
---
---
475506
540251
540264
540265
540272
540273
540274
540276
540277
540279
543235
543236
543237
---
---
475506
540251
540264
540265
540272
540273
540274
540276
540277
540279
543235
543236
543237
---
---
475506
540251
540264
540265
540272
540273
540274
540276
540277
540279
543235
543236
543237
---
---
475506
540251
540264
540265
540272
540273
540274
540276
540277
540279
543235
543236
543237
---
---
475506
540251
540264
540265
540272
540273
540274
540276
540277
540279
543235
543236
543237
---
---
475506
540251
540264
540265
540272
540273
540274
540276
540277
540279
543235
543236
543237
---
---
475506
540251
540264
540265
540272
540273
540274
540276
540277
540279
543235
543236
543237
---
---
475506
540251
540264
540265
540272
540273
540274
540276
540277
540279
543235
543236
543237
---
---
475506
540251
540264
540265
540272
540273
540274
540276
540277
540279
543235
543236
543237
---
---
475506
540251
540264
540265
540272
540273
540274
540276
540277
540279
543235
543236
543237
---
---
475506
540251
540264
540265
540272
540273
540274
540276
540277
540279
543235
543236
---
---
475506
540251
540264
540265
540272
540273
540274
540276
540277
540279
543427
543428
543429
---
---
475506
540251
540264
540265
540272
540273
540274
540276
540277
540279
---
---
475506
540251
540264
540265
540272
540273
540274
540276
540277
540279
---
---
475506
540251
540264
540265
540272
540273
540274
540276
540277
540279
---
---
475506
540251
540264
540265
540272
540273
540274
540276
540277
540279
---
---
475506
540251
540264
540265
540272
540273
540274
540276
540277
540279
543530
543531
543532
---
---
475506
540251
540264
540265
540272
540273
540274
540276
540277
540279
543530
543531
543532
---
---
475506
540251
540264
540265
540272
540273
540274
540276
540277
540279
543530
543531
543532
---
---
475506
540251
540264
540265
540272
540273
540274
540276
540277
540279
543530
543531
543532
---
---
475506
540251
540264
540265
540272
540273
540274
540276
540277
540279
543530
543531
543532
---
---
475506
540251
540264
540265
540272
540273
540274
540276
540277
540279
543530
543531
543532
---
---
475506
540251
540264
540265
540272
540273
540274
540276
540277
540279
543530
543531
543532
---
---
475506
540251
540264
540265
540272
540273
540274
540276
540277
540279
543530
543531
543532
---
---
475506
540251
540264
540265
540272
540273
540274
540276
540277
540279
543530
543531
543532
---
---
475506
540251
540264
540265
540272
540273
540274
540276
540277
540279
543530
543531
543532
---
---
475506
540251
540264
540265
540272
540273
540274
540276
540277
540279
543530
543531
543532
---
---
475506
540251
540264
540265
540272
540273
540274
540276
540277
540279
543530
543531
543532
---
---
475506
540251
540264
540265
540272
540273
540274
540276
540277
540279
543729
543730
543731
---
---
475506
540251
540264
540265
540272
540273
540274
540276
540277
540279
---
---
475506
540251
540264
540265
540272
540273
540274
540276
540277
540279
---
---
475506
540251
540264
540265
540272
540273
540274
540276
540277
540279
---
---
475506
540251
540264
540265
540272
540273
540274
540276
540277
540279
---
---
475506
540251
540264
540265
540272
540273
540274
540276
540277
540279
543833
543834
543835
---
---
475506
540251
540264
540265
540272
540273
540274
540276
540277
540279
543833
543834
543835
---
---
475506
540251
540264
540265
540272
540273
540274
540276
540277
540279
543833
543834
543835
---
---
475506
540251
540264
540265
540272
540273
540274
540276
540277
540279
543833
543834
543835
---
---
475506
540251
540264
540265
540272
540273
540274
540276
540277
540279
543833
543834
543835
---
---
475506
540251
540264
540265
540272
540273
540274
540276
540277
540279
543833
543834
543835
---
---
475506
540251
540264
540265
540272
540273
540274
540276
540277
540279
543833
543834
543835
---
---
475506
540251
540264
540265
540272
540273
540274
540276
540277
540279
543833
543834
543835
---
---
475506
540251
540264
540265
540272
540273
540274
540276
540277
540279
543833
543834
543835
---
---
475506
540251
540264
540265
540272
540273
540274
540276
540277
540279
543833
543834
543835
---
---
475506
540251
540264
540265
540272
540273
540274
540276
540277
540279
543833
543834
543835
---
---
475506
540251
540264
540265
540272
540273
540274
540276
540277
540279
543833
543834
543835
---
---
475506
540251
540264
540265
540272
540273
540274
540276
540277
540279
543833
543834
543835
---
---
475506
540251
540264
540265
540272
540273
540274
540276
540277
540279
544039
544040
544042
---
---
475506
540251
540264
540265
540272
540273
540274
540276
540277
540279
544039
544040
544042
---
---
475506
540251
540264
540265
540272
540273
540274
540276
540277
540279
---
---
475506
540251
540264
540265
540272
540273
540274
540276
540277
540279
---
---
475506
540251
540264
540265
540272
540273
540274
540276
540277
540279
---
---
475506
540251
540264
540265
540272
540273
540274
540276
540277
540279
---
---
475506
540251
540264
540265
540272
540273
540274
540276
540277
540279
---
---
475506
540251
540264
540265
540272
540273
540274
540276
540277
540279
---
---
475506
540251
540264
540265
540272
540273
540274
540276
540277
540279
---
---
475506
540251
540264
540265
540272
540273
540274
540276
540277
540279
---
---
475506
540251
540264
540265
540272
540273
540274
540276
540277
540279
---
---
475506
540251
540264
540265
540272
540273
540274
540276
540277
540279
---
---
475506
540251
540264
540265
540272
540273
540274
540276
540277
540279
---
---
475506
540251
540264
540265
540272
540273
540274
540276
540277
540279
---
---
475506
540251
540264
540265
540272
540273
540274
540276
540277
540279
---
---
475506
540251
540264
540265
540272
540273
540274
540276
540277
540279
---
---
475506
540251
540264
540265
540272
540273
540274
540276
540277
540279
---
---
475506
540251
540264
540265
540272
540273
540274
540276
540277
540279
---
---
475506
540251
540264
540265
540272
540273
540274
540276
540277
540279
---
---
475506
---
---
475506
544431
544444
544445
544452
544453
544454
544456
544457
544459
---
---
475506
544431
544444
544445
544452
544453
544454
544456
544457
544459
---
---
475506
544431
544444
544445
544452
544453
544454
544456
544457
544459
---
---
475506
544431
544444
544445
544452
544453
544454
544456
544457
544459
---
---
475506
544431
544444
544445
544452
544453
544454
544456
544457
544459
---
---
475506
544431
544444
544445
544452
544453
544454
544456
544457
544459
---
---
475506
544431
544444
544445
544452
544453
544454
544456
544457
544459
---
---
475506
544431
544444
544445
544452
544453
544454
544456
544457
544459
544960
544961
544962
---
---
475506
544431
544444
544445
544452
544453
544454
544456
544457
544459
544960
544961
544962
---
---
475506
544431
544444
544445
544452
544453
544454
544456
544457
544459
544960
544961
544962
---
---
475506
544431
544444
544445
544452
544453
544454
544456
544457
544459
544960
544961
544962
---
---
475506
544431
544444
544445
544452
544453
544454
544456
544457
544459
544960
544961
544962
---
---
475506
544431
544444
544445
544452
544453
544454
544456
544457
544459
544960
544961
544962
---
---
475506
544431
544444
544445
544452
544453
544454
544456
544457
544459
544960
544961
544962
---
---
475506
544431
544444
544445
544452
544453
544454
544456
544457
544459
544960
544961
544962
---
---
475506
544431
544444
544445
544452
544453
544454
544456
544457
544459
544960
544961
544962
---
---
475506
544431
544444
544445
544452
544453
544454
544456
544457
544459
544960
544961
544962
---
---
475506
544431
544444
544445
544452
544453
544454
544456
544457
544459
544960
544961
544962
---
---
475506
544431
544444
544445
544452
544453
544454
544456
544457
544459
544960
544961
544962
---
---
475506
544431
544444
544445
544452
544453
544454
544456
544457
544459
545159
545160
545161
---
---
475506
544431
544444
544445
544452
544453
544454
544456
544457
544459
545159
545160
545161
---
---
475506
544431
544444
544445
544452
544453
544454
544456
544457
544459
---
---
475506
544431
544444
544445
544452
544453
544454
544456
544457
544459
---
---
475506
544431
544444
544445
544452
544453
544454
544456
544457
544459
---
---
475506
544431
544444
544445
544452
544453
544454
544456
544457
544459
545264
545265
545266
---
---
475506
544431
544444
544445
544452
544453
544454
544456
544457
544459
545264
545265
545266
---
---
475506
544431
544444
544445
544452
544453
544454
544456
544457
544459
545264
545265
545266
---
---
475506
544431
544444
544445
544452
544453
544454
544456
544457
544459
545264
545265
545266
---
---
475506
544431
544444
544445
544452
544453
544454
544456
544457
544459
545264
545265
545266
---
---
475506
544431
544444
544445
544452
544453
544454
544456
544457
544459
545264
545265
545266
---
---
475506
544431
544444
544445
544452
544453
544454
544456
544457
544459
545264
545265
545266
---
---
475506
544431
544444
544445
544452
544453
544454
544456
544457
544459
545264
545265
545266
---
---
475506
544431
544444
544445
544452
544453
544454
544456
544457
544459
545264
545265
545266
---
---
475506
544431
544444
544445
544452
544453
544454
544456
544457
544459
545264
545265
545266
---
---
475506
544431
544444
544445
544452
544453
544454
544456
544457
544459
545264
545265
545266
---
---
475506
544431
544444
544445
544452
544453
544454
544456
544457
544459
545264
545265
545266
---
---
475506
544431
544444
544445
544452
544453
544454
544456
544457
544459
545264
545265
545266
---
---
475506
544431
544444
544445
544452
544453
544454
544456
544457
544459
545460
545461
545462
---
---
475506
544431
544444
544445
544452
544453
544454
544456
544457
544459
---
---
475506
544431
544444
544445
544452
544453
544454
544456
544457
544459
---
---
475506
544431
544444
544445
544452
544453
544454
544456
544457
544459
---
---
475506
544431
544444
544445
544452
544453
544454
544456
544457
544459
---
---
475506
544431
544444
544445
544452
544453
544454
544456
544457
544459
545571
545572
545573
---
---
475506
544431
544444
544445
544452
544453
544454
544456
544457
544459
545571
545572
545573
---
---
475506
544431
544444
544445
544452
544453
544454
544456
544457
544459
545571
545572
545573
---
---
475506
544431
544444
544445
544452
544453
544454
544456
544457
544459
545571
545572
545573
---
---
475506
544431
544444
544445
544452
544453
544454
544456
544457
544459
545571
545572
545573
---
---
475506
544431
544444
544445
544452
544453
544454
544456
544457
544459
545571
545572
545573
---
---
475506
544431
544444
544445
544452
544453
544454
544456
544457
544459
545571
545572
545573
---
---
475506
544431
544444
544445
544452
544453
544454
544456
544457
544459
545571
545572
545573
---
---
475506
544431
544444
544445
544452
544453
544454
544456
544457
544459
545571
545572
545573
---
---
475506
544431
544444
544445
544452
544453
544454
544456
544457
544459
545571
545572
545573
---
---
475506
544431
544444
544445
544452
544453
544454
544456
544457
544459
545571
545572
545573
---
---
475506
544431
544444
544445
544452
544453
544454
544456
544457
544459
545571
545572
545573
---
---
475506
544431
544444
544445
544452
544453
544454
544456
544457
544459
545749
545750
545751
---
---
475506
544431
544444
544445
544452
544453
544454
544456
544457
544459
545749
545750
545751
---
---
475506
544431
544444
544445
544452
544453
544454
544456
544457
544459
---
---
475506
544431
544444
544445
544452
544453
544454
544456
544457
544459
---
---
475506
544431
544444
544445
544452
544453
544454
544456
544457
544459
---
---
475506
544431
544444
544445
544452
544453
544454
544456
544457
544459
545863
545864
545865
---
---
475506
544431
544444
544445
544452
544453
544454
544456
544457
544459
545863
545864
545865
---
---
475506
544431
544444
544445
544452
544453
544454
544456
544457
544459
545863
545864
545865
---
---
475506
544431
544444
544445
544452
544453
544454
544456
544457
544459
545863
545864
545865
---
---
475506
544431
544444
544445
544452
544453
544454
544456
544457
544459
545863
545864
545865
---
---
475506
544431
544444
544445
544452
544453
544454
544456
544457
544459
545863
545864
545865
---
---
475506
544431
544444
544445
544452
544453
544454
544456
544457
544459
545863
545864
545865
---
---
475506
544431
544444
544445
544452
544453
544454
544456
544457
544459
545863
545864
545865
---
---
475506
544431
544444
544445
544452
544453
544454
544456
544457
544459
545863
545864
545865
---
---
475506
544431
544444
544445
544452
544453
544454
544456
544457
544459
545863
545864
545865
---
---
475506
544431
544444
544445
544452
544453
544454
544456
544457
544459
545863
545864
545865
---
---
475506
544431
544444
544445
544452
544453
544454
544456
544457
544459
545863
545864
545865
---
---
475506
544431
544444
544445
544452
544453
544454
544456
544457
544459
545863
545864
545865
---
---
475506
544431
544444
544445
544452
544453
544454
544456
544457
544459
546058
546059
546060
---
---
475506
544431
544444
544445
544452
544453
544454
544456
544457
544459
---
---
475506
544431
544444
544445
544452
544453
544454
544456
544457
544459
---
---
475506
544431
544444
544445
544452
544453
544454
544456
544457
544459
---
---
475506
544431
544444
544445
544452
544453
544454
544456
544457
544459
---
---
475506
544431
544444
544445
544452
544453
544454
544456
544457
544459
---
---
475506
544431
544444
544445
544452
544453
544454
544456
544457
544459
---
---
475506
544431
544444
544445
544452
544453
544454
544456
544457
544459
---
---
475506
544431
544444
544445
544452
544453
544454
544456
544457
544459
---
---
475506
544431
544444
544445
544452
544453
544454
544456
544457
544459
---
---
475506
544431
544444
544445
544452
544453
544454
544456
544457
544459
---
---
475506
544431
544444
544445
544452
544453
544454
544456
544457
544459
---
---
475506
544431
544444
544445
544452
544453
544454
544456
544457
544459
---
---
475506
544431
544444
544445
544452
544453
544454
544456
544457
544459
---
---
475506
---
---
475506
546389
546402
546403
546410
546411
546412
546414
546415
546417
---
---
475506
546389
546402
546403
546410
546411
546412
546414
546415
546417
---
---
475506
546389
546402
546403
546410
546411
546412
546414
546415
546417
---
---
475506
546389
546402
546403
546410
546411
546412
546414
546415
546417
---
---
475506
546389
546402
546403
546410
546411
546412
546414
546415
546417
---
---
475506
546389
546402
546403
546410
546411
546412
546414
546415
546417
---
---
475506
546389
546402
546403
546410
546411
546412
546414
546415
546417
546914
546915
546916
---
---
475506
546389
546402
546403
546410
546411
546412
546414
546415
546417
546914
546915
546916
---
---
475506
546389
546402
546403
546410
546411
546412
546414
546415
546417
546914
546915
546916
---
---
475506
546389
546402
546403
546410
546411
546412
546414
546415
546417
546914
546915
546916
---
---
475506
546389
546402
546403
546410
546411
546412
546414
546415
546417
546914
546915
546916
---
---
475506
546389
546402
546403
546410
546411
546412
546414
546415
546417
546914
546915
546916
---
---
475506
546389
546402
546403
546410
546411
546412
546414
546415
546417
546914
546915
546916
---
---
475506
546389
546402
546403
546410
546411
546412
546414
546415
546417
546914
546915
546916
---
---
475506
546389
546402
546403
546410
546411
546412
546414
546415
546417
546914
546915
546916
---
---
475506
546389
546402
546403
546410
546411
546412
546414
546415
546417
546914
546915
546916
---
---
475506
546389
546402
546403
546410
546411
546412
546414
546415
546417
546914
546915
546916
---
---
475506
546389
546402
546403
546410
546411
546412
546414
546415
546417
546914
546915
546916
---
---
475506
546389
546402
546403
546410
546411
546412
546414
546415
546417
546914
546915
546916
---
---
475506
546389
546402
546403
546410
546411
546412
546414
546415
546417
547137
547138
547139
---
---
475506
546389
546402
546403
546410
546411
546412
546414
546415
546417
---
---
475506
546389
546402
546403
546410
546411
546412
546414
546415
546417
---
---
475506
546389
546402
546403
546410
546411
546412
546414
546415
546417
---
---
475506
546389
546402
546403
546410
546411
546412
546414
546415
546417
---
---
475506
546389
546402
546403
546410
546411
546412
546414
546415
546417
547255
547256
547257
---
---
475506
546389
546402
546403
546410
546411
546412
546414
546415
546417
547255
547256
547257
---
---
475506
546389
546402
546403
546410
546411
546412
546414
546415
546417
547255
547256
547257
---
---
475506
546389
546402
546403
546410
546411
546412
546414
546415
546417
547255
547256
547257
---
---
475506
546389
546402
546403
546410
546411
546412
546414
546415
546417
547255
547256
547257
---
---
475506
546389
546402
546403
546410
546411
546412
546414
546415
546417
547255
547256
547257
---
---
475506
546389
546402
546403
546410
546411
546412
546414
546415
546417
547255
547256
547257
---
---
475506
546389
546402
546403
546410
546411
546412
546414
546415
546417
547255
547256
547257
---
---
475506
546389
546402
546403
546410
546411
546412
546414
546415
546417
547255
547256
547257
---
---
475506
546389
546402
546403
546410
546411
546412
546414
546415
546417
547255
547256
547257
---
---
475506
546389
546402
546403
546410
546411
546412
546414
546415
546417
547255
547256
547257
---
---
475506
546389
546402
546403
546410
546411
546412
546414
546415
546417
547255
547256
547257
---
---
475506
546389
546402
546403
546410
546411
546412
546414
546415
546417
547444
547445
547446
---
---
475506
546389
546402
546403
546410
546411
546412
546414
546415
546417
547444
547445
547446
---
---
475506
546389
546402
546403
546410
546411
546412
546414
546415
546417
---
---
475506
546389
546402
546403
546410
546411
546412
546414
546415
546417
---
---
475506
546389
546402
546403
546410
546411
546412
546414
546415
546417
---
---
475506
546389
546402
546403
546410
546411
546412
546414
546415
546417
547546
547547
547548
---
---
475506
546389
546402
546403
546410
546411
546412
546414
546415
546417
547546
547547
547548
---
---
475506
546389
546402
546403
546410
546411
546412
546414
546415
546417
547546
547547
547548
---
---
475506
546389
546402
546403
546410
546411
546412
546414
546415
546417
547546
547547
547548
---
---
475506
546389
546402
546403
546410
546411
546412
546414
546415
546417
547546
547547
547548
---
---
475506
546389
546402
546403
546410
546411
546412
546414
546415
546417
547546
547547
547548
---
---
475506
546389
546402
546403
546410
546411
546412
546414
546415
546417
547546
547547
547548
---
---
475506
546389
546402
546403
546410
546411
546412
546414
546415
546417
547546
547547
547548
---
---
475506
546389
546402
546403
546410
546411
546412
546414
546415
546417
547546
547547
547548
---
---
475506
546389
546402
546403
546410
546411
546412
546414
546415
546417
547546
547547
547548
---
---
475506
546389
546402
546403
546410
546411
546412
546414
546415
546417
547546
547547
547548
---
---
475506
546389
546402
546403
546410
546411
546412
546414
546415
546417
547546
547547
547548
---
---
475506
546389
546402
546403
546410
546411
546412
546414
546415
546417
547546
547547
547548
---
---
475506
546389
546402
546403
546410
546411
546412
546414
546415
546417
547746
547747
547748
---
---
475506
546389
546402
546403
546410
546411
546412
546414
546415
546417
---
---
475506
546389
546402
546403
546410
546411
546412
546414
546415
546417
---
---
475506
546389
546402
546403
546410
546411
546412
546414
546415
546417
---
---
475506
546389
546402
546403
546410
546411
546412
546414
546415
546417
---
---
475506
546389
546402
546403
546410
546411
546412
546414
546415
546417
547863
547864
547865
---
---
475506
546389
546402
546403
546410
546411
546412
546414
546415
546417
547863
547864
547865
---
---
475506
546389
546402
546403
546410
546411
546412
546414
546415
546417
547863
547864
547865
---
---
475506
546389
546402
546403
546410
546411
546412
546414
546415
546417
547863
547864
547865
---
---
475506
546389
546402
546403
546410
546411
546412
546414
546415
546417
547863
547864
547865
---
---
475506
546389
546402
546403
546410
546411
546412
546414
546415
546417
547863
547864
547865
---
---
475506
546389
546402
546403
546410
546411
546412
546414
546415
546417
547863
547864
547865
---
---
475506
546389
546402
546403
546410
546411
546412
546414
546415
546417
547863
547864
547865
---
---
475506
546389
546402
546403
546410
546411
546412
546414
546415
546417
547863
547864
547865
---
---
475506
546389
546402
546403
546410
546411
546412
546414
546415
546417
547863
547864
547865
---
---
475506
546389
546402
546403
546410
546411
546412
546414
546415
546417
547863
547864
547865
---
---
475506
546389
546402
546403
546410
546411
546412
546414
546415
546417
547863
547864
547865
---
---
475506
546389
546402
546403
546410
546411
546412
546414
546415
546417
548051
548052
548053
---
---
475506
546389
546402
546403
546410
546411
546412
546414
546415
546417
548051
548052
548053
---
---
475506
546389
546402
546403
546410
546411
546412
546414
546415
546417
---
---
475506
546389
546402
546403
546410
546411
546412
546414
546415
546417
---
---
475506
546389
546402
546403
546410
546411
546412
546414
546415
546417
---
---
475506
546389
546402
546403
546410
546411
546412
546414
546415
546417
---
---
475506
546389
546402
546403
546410
546411
546412
546414
546415
546417
---
---
475506
546389
546402
546403
546410
546411
546412
546414
546415
546417
---
---
475506
---
---
475506
548305
548318
548319
548326
548327
548328
548329
548330
548331
---
---
475506
548305
548318
548319
548326
548327
548328
548329
548330
548331
---
---
475506
548305
548318
548319
548326
548327
548328
548329
548330
548331
---
---
475506
548305
548318
548319
548326
548327
548328
548329
548330
548331
---
---
475506
548305
548318
548319
548326
548327
548328
548329
548330
548331
---
---
475506
548305
548318
548319
548326
548327
548328
548329
548330
548331
---
---
475506
548305
548318
548319
548326
548327
548328
548329
548330
548331
548755
548757
548759
---
---
475506
548305
548318
548319
548326
548327
548328
548329
548330
548331
548755
548757
548759
---
---
475506
548305
548318
548319
548326
548327
548328
548329
548330
548331
548755
548757
548759
---
---
475506
548305
548318
548319
548326
548327
548328
548329
548330
548331
548755
548757
548759
---
---
475506
548305
548318
548319
548326
548327
548328
548329
548330
548331
548755
548757
548759
---
---
475506
548305
548318
548319
548326
548327
548328
548329
548330
548331
548755
548757
548759
---
---
475506
548305
548318
548319
548326
548327
548328
548329
548330
548331
548755
548757
548759
---
---
475506
548305
548318
548319
548326
548327
548328
548329
548330
548331
548755
548757
548759
---
---
475506
548305
548318
548319
548326
548327
548328
548329
548330
548331
548755
548757
548759
---
---
475506
548305
548318
548319
548326
548327
548328
548329
548330
548331
548755
548757
548759
---
---
475506
548305
548318
548319
548326
548327
548328
548329
548330
548331
548755
548757
548759
---
---
475506
548305
548318
548319
548326
548327
548328
548329
548330
548331
548755
548757
548759
---
---
475506
548305
548318
548319
548326
548327
548328
548329
548330
548331
548933
548934
548935
---
---
475506
548305
548318
548319
548326
548327
548328
548329
548330
548331
548933
548934
548935
---
---
475506
548305
548318
548319
548326
548327
548328
548329
548330
548331
---
---
475506
548305
548318
548319
548326
548327
548328
548329
548330
548331
---
---
475506
548305
548318
548319
548326
548327
548328
548329
548330
548331
---
---
475506
548305
548318
548319
548326
548327
548328
548329
548330
548331
549039
549040
549041
---
---
475506
548305
548318
548319
548326
548327
548328
548329
548330
548331
549039
549040
549041
---
---
475506
548305
548318
548319
548326
548327
548328
548329
548330
548331
549039
549040
549041
---
---
475506
548305
548318
548319
548326
548327
548328
548329
548330
548331
549039
549040
549041
---
---
475506
548305
548318
548319
548326
548327
548328
548329
548330
548331
549039
549040
549041
---
---
475506
548305
548318
548319
548326
548327
548328
548329
548330
548331
549039
549040
549041
---
---
475506
548305
548318
548319
548326
548327
548328
548329
548330
548331
549039
549040
549041
---
---
475506
548305
548318
548319
548326
548327
548328
548329
548330
548331
549039
549040
549041
---
---
475506
548305
548318
548319
548326
548327
548328
548329
548330
548331
549039
549040
549041
---
---
475506
548305
548318
548319
548326
548327
548328
548329
548330
548331
549039
549040
549041
---
---
475506
548305
548318
548319
548326
548327
548328
548329
548330
548331
549039
549040
549041
---
---
475506
548305
548318
548319
548326
548327
548328
548329
548330
548331
549039
549040
549041
---
---
475506
548305
548318
548319
548326
548327
548328
548329
548330
548331
549039
549040
549041
---
---
475506
548305
548318
548319
548326
548327
548328
548329
548330
548331
549244
549245
549246
---
---
475506
548305
548318
548319
548326
548327
548328
548329
548330
548331
---
---
475506
548305
548318
548319
548326
548327
548328
548329
548330
548331
---
---
475506
548305
548318
548319
548326
548327
548328
548329
548330
548331
---
---
475506
548305
548318
548319
548326
548327
548328
548329
548330
548331
---
---
475506
548305
548318
548319
548326
548327
548328
548329
548330
548331
549346
549347
549348
---
---
475506
548305
548318
548319
548326
548327
548328
548329
548330
548331
549346
549347
549348
---
---
475506
548305
548318
548319
548326
548327
548328
548329
548330
548331
549346
549347
549348
---
---
475506
548305
548318
548319
548326
548327
548328
548329
548330
548331
549346
549347
549348
---
---
475506
548305
548318
548319
548326
548327
548328
548329
548330
548331
549346
549347
549348
---
---
475506
548305
548318
548319
548326
548327
548328
548329
548330
548331
549346
549347
549348
---
---
475506
548305
548318
548319
548326
548327
548328
548329
548330
548331
549346
549347
549348
---
---
475506
548305
548318
548319
548326
548327
548328
548329
548330
548331
549346
549347
549348
---
---
475506
548305
548318
548319
548326
548327
548328
548329
548330
548331
549346
549347
549348
---
---
475506
548305
548318
548319
548326
548327
548328
548329
548330
548331
549346
549347
549348
---
---
475506
548305
548318
548319
548326
548327
548328
548329
548330
548331
549346
549347
549348
---
---
475506
548305
548318
548319
548326
548327
548328
548329
548330
548331
549346
549347
549348
---
---
475506
548305
548318
548319
548326
548327
548328
548329
548330
548331
549546
549547
549548
---
---
475506
548305
548318
548319
548326
548327
548328
548329
548330
548331
549546
549547
549548
---
---
475506
548305
548318
548319
548326
548327
548328
548329
548330
548331
---
---
475506
548305
548318
548319
548326
548327
548328
548329
548330
548331
---
---
475506
548305
548318
548319
548326
548327
548328
548329
548330
548331
---
---
475506
548305
548318
548319
548326
548327
548328
548329
548330
548331
549648
549649
549650
---
---
475506
548305
548318
548319
548326
548327
548328
548329
548330
548331
549648
549649
549650
---
---
475506
548305
548318
548319
548326
548327
548328
548329
548330
548331
549648
549649
549650
---
---
475506
548305
548318
548319
548326
548327
548328
548329
548330
548331
549648
549649
549650
---
---
475506
548305
548318
548319
548326
548327
548328
548329
548330
548331
549648
549649
549650
---
---
475506
548305
548318
548319
548326
548327
548328
548329
548330
548331
549648
549649
549650
---
---
475506
548305
548318
548319
548326
548327
548328
548329
548330
548331
549648
549649
549650
---
---
475506
548305
548318
548319
548326
548327
548328
548329
548330
548331
549648
549649
549650
---
---
475506
548305
548318
548319
548326
548327
548328
548329
548330
548331
549648
549649
549650
---
---
475506
548305
548318
548319
548326
548327
548328
548329
548330
548331
549648
549649
549650
---
---
475506
548305
548318
548319
548326
548327
548328
548329
548330
548331
549648
549649
549650
---
---
475506
548305
548318
548319
548326
548327
548328
548329
548330
548331
549648
549649
549650
---
---
475506
548305
548318
548319
548326
548327
548328
548329
548330
548331
549648
549649
549650
---
---
475506
548305
548318
548319
548326
548327
548328
548329
548330
548331
549855
549856
549857
---
---
475506
548305
548318
548319
548326
548327
548328
548329
548330
548331
---
---
475506
548305
548318
548319
548326
548327
548328
548329
548330
548331
---
---
475506
548305
548318
548319
548326
548327
548328
548329
548330
548331
---
---
475506
---
---
475506
550021
550034
550035
550042
550043
550044
550045
550047
550048
---
---
475506
550021
550034
550035
550042
550043
550044
550045
550047
550048
---
---
475506
550021
550034
550035
550042
550043
550044
550045
550047
550048
---
---
475506
550021
550034
550035
550042
550043
550044
550045
550047
550048
---
---
475506
550021
550034
550035
550042
550043
550044
550045
550047
550048
---
---
475506
550021
550034
550035
550042
550043
550044
550045
550047
550048
---
---
475506
550021
550034
550035
550042
550043
550044
550045
550047
550048
---
---
475506
550021
550034
550035
550042
550043
550044
550045
550047
550048
550541
550542
550543
---
---
475506
550021
550034
550035
550042
550043
550044
550045
550047
550048
550541
550542
550543
---
---
475506
550021
550034
550035
550042
550043
550044
550045
550047
550048
550541
550542
550543
---
---
475506
550021
550034
550035
550042
550043
550044
550045
550047
550048
550541
550542
550543
---
---
475506
550021
550034
550035
550042
550043
550044
550045
550047
550048
550541
550542
550543
---
---
475506
550021
550034
550035
550042
550043
550044
550045
550047
550048
550541
550542
550543
---
---
475506
550021
550034
550035
550042
550043
550044
550045
550047
550048
550541
550542
550543
---
---
475506
550021
550034
550035
550042
550043
550044
550045
550047
550048
550541
550542
550543
---
---
475506
550021
550034
550035
550042
550043
550044
550045
550047
550048
550541
550542
550543
---
---
475506
550021
550034
550035
550042
550043
550044
550045
550047
550048
550541
550542
550543
---
---
475506
550021
550034
550035
550042
550043
550044
550045
550047
550048
550541
550542
550543
---
---
475506
550021
550034
550035
550042
550043
550044
550045
550047
550048
550541
550542
550543
---
---
475506
550021
550034
550035
550042
550043
550044
550045
550047
550048
550739
550740
550741
---
---
475506
550021
550034
550035
550042
550043
550044
550045
550047
550048
550739
550740
550741
---
---
475506
550021
550034
550035
550042
550043
550044
550045
550047
550048
---
---
475506
550021
550034
550035
550042
550043
550044
550045
550047
550048
---
---
475506
550021
550034
550035
550042
550043
550044
550045
550047
550048
---
---
475506
550021
550034
550035
550042
550043
550044
550045
550047
550048
---
---
475506
550021
550034
550035
550042
550043
550044
550045
550047
550048
550875
550876
550877
---
---
475506
550021
550034
550035
550042
550043
550044
550045
550047
550048
550875
550876
550877
---
---
475506
550021
550034
550035
550042
550043
550044
550045
550047
550048
550875
550876
550877
---
---
475506
550021
550034
550035
550042
550043
550044
550045
550047
550048
550875
550876
550877
---
---
475506
550021
550034
550035
550042
550043
550044
550045
550047
550048
550875
550876
550877
---
---
475506
550021
550034
550035
550042
550043
550044
550045
550047
550048
550875
550876
550877
---
---
475506
550021
550034
550035
550042
550043
550044
550045
550047
550048
550875
550876
550877
---
---
475506
550021
550034
550035
550042
550043
550044
550045
550047
550048
550875
550876
550877
---
---
475506
550021
550034
550035
550042
550043
550044
550045
550047
550048
550875
550876
550877
---
---
475506
550021
550034
550035
550042
550043
550044
550045
550047
550048
550875
550876
550877
---
---
475506
550021
550034
550035
550042
550043
550044
550045
550047
550048
550875
550876
550877
---
---
475506
550021
550034
550035
550042
550043
550044
550045
550047
550048
550875
550876
550877
---
---
475506
550021
550034
550035
550042
550043
550044
550045
550047
550048
551046
551047
551048
---
---
475506
550021
550034
550035
550042
550043
550044
550045
550047
550048
551046
551047
551048
---
---
475506
550021
550034
550035
550042
550043
550044
550045
550047
550048
---
---
475506
550021
550034
550035
550042
550043
550044
550045
550047
550048
---
---
475506
550021
550034
550035
550042
550043
550044
550045
550047
550048
---
---
475506
550021
550034
550035
550042
550043
550044
550045
550047
550048
551148
551149
551150
---
---
475506
550021
550034
550035
550042
550043
550044
550045
550047
550048
551148
551149
551150
---
---
475506
550021
550034
550035
550042
550043
550044
550045
550047
550048
551148
551149
551150
---
---
475506
550021
550034
550035
550042
550043
550044
550045
550047
550048
551148
551149
551150
---
---
475506
550021
550034
550035
550042
550043
550044
550045
550047
550048
551148
551149
551150
---
---
475506
550021
550034
550035
550042
550043
550044
550045
550047
550048
551148
551149
551150
---
---
475506
550021
550034
550035
550042
550043
550044
550045
550047
550048
551148
551149
551150
---
---
475506
550021
550034
550035
550042
550043
550044
550045
550047
550048
551148
551149
551150
---
---
475506
550021
550034
550035
550042
550043
550044
550045
550047
550048
551148
551149
551150
---
---
475506
550021
550034
550035
550042
550043
550044
550045
550047
550048
551148
551149
551150
---
---
475506
550021
550034
550035
550042
550043
550044
550045
550047
550048
551148
551149
551150
---
---
475506
550021
550034
550035
550042
550043
550044
550045
550047
550048
551148
551149
551150
---
---
475506
550021
550034
550035
550042
550043
550044
550045
550047
550048
551148
551149
551150
---
---
475506
550021
550034
550035
550042
550043
550044
550045
550047
550048
551353
551354
551355
---
---
475506
550021
550034
550035
550042
550043
550044
550045
550047
550048
---
---
475506
550021
550034
550035
550042
550043
550044
550045
550047
550048
---
---
475506
550021
550034
550035
550042
550043
550044
550045
550047
550048
---
---
475506
550021
550034
550035
550042
550043
550044
550045
550047
550048
---
---
475506
550021
550034
550035
550042
550043
550044
550045
550047
550048
551458
551459
551460
---
---
475506
550021
550034
550035
550042
550043
550044
550045
550047
550048
551458
551459
551460
---
---
475506
550021
550034
550035
550042
550043
550044
550045
550047
550048
551458
551459
551460
---
---
475506
550021
550034
550035
550042
550043
550044
550045
550047
550048
551458
551459
551460
---
---
475506
550021
550034
550035
550042
550043
550044
550045
550047
550048
551458
551459
551460
---
---
475506
550021
550034
550035
550042
550043
550044
550045
550047
550048
551458
551459
551460
---
---
475506
550021
550034
550035
550042
550043
550044
550045
550047
550048
551458
551459
551460
---
---
475506
550021
550034
550035
550042
550043
550044
550045
550047
550048
551458
551459
551460
---
---
475506
550021
550034
550035
550042
550043
550044
550045
550047
550048
551458
551459
551460
---
---
475506
550021
550034
550035
550042
550043
550044
550045
550047
550048
551458
551459
551460
---
---
475506
550021
550034
550035
550042
550043
550044
550045
550047
550048
551458
551459
551460
---
---
475506
550021
550034
550035
550042
550043
550044
550045
550047
550048
551458
551459
551460
---
---
475506
550021
550034
550035
550042
550043
550044
550045
550047
550048
551658
551659
551660
---
---
475506
550021
550034
550035
550042
550043
550044
550045
550047
550048
551658
551659
551660
---
---
475506
550021
550034
550035
550042
550043
550044
550045
550047
550048
---
---
475506
550021
550034
550035
550042
550043
550044
550045
550047
550048
---
---
475506
550021
550034
550035
550042
550043
550044
550045
550047
550048
---
---
475506
550021
550034
550035
550042
550043
550044
550045
550047
550048
---
---
475506
550021
550034
550035
550042
550043
550044
550045
550047
550048
---
---
475506
550021
550034
550035
550042
550043
550044
550045
550047
550048
---
---
475506
550021
550034
550035
550042
550043
550044
550045
550047
550048
---
---
475506
550021
550034
550035
550042
550043
550044
550045
550047
550048
---
---
475506
550021
550034
550035
550042
550043
550044
550045
550047
550048
---
---
475506
550021
550034
550035
550042
550043
550044
550045
550047
550048
---
---
475506
550021
550034
550035
550042
550043
550044
550045
550047
550048
---
---
475506
550021
550034
550035
550042
550043
550044
550045
550047
550048
---
---
475506
550021
550034
550035
550042
550043
550044
550045
550047
550048
---
---
475506
550021
550034
550035
550042
550043
550044
550045
550047
550048
---
---
475506
550021
550034
550035
550042
550043
550044
550045
550047
550048
---
---
475506
550021
550034
550035
550042
550043
550044
550045
550047
550048
---
---
475506
550021
550034
550035
550042
550043
550044
550045
550047
550048
---
---
475506
550021
550034
550035
550042
550043
550044
550045
550047
550048
---
---
475506
550021
550034
550035
550042
550043
550044
550045
550047
550048
---
---
475506
550021
550034
550035
550042
550043
550044
550045
550047
550048
---
---
